# Exact frozen P0 radial edges [h/Mpc] from the fiducial500 matrix.
0.0062831853071795866
0.012566370614359173
0.018849555921538759
0.025132741228718346
0.031415926535897934
0.037699111843077518
0.043982297150257102
0.050265482457436693
0.056548667764616277
0.062831853071795868
0.069115038378975452
0.075398223686155036
0.08168140899333462
0.087964594300514204
0.094247779607693802
0.10053096491487339
0.10681415022205297
0.11309733552923255
0.11938052083641214
0.12566370614359174
0.13194689145077132
0.1382300767579509
0.14451326206513049
0.15079644737231007
0.15707963267948966
0.16336281798666924
0.16964600329384882
0.17592918860102844
0.18221237390820802
0.1884955592153876
0.19477874452256719
0.20106192982974677
0.20734511513692636
0.21362830044410594
0.21991148575128552
0.22619467105846511
0.23247785636564469
0.23876104167282428
0.24504422698000389
0.25132741228718347
0.25761059759436306
0.26389378290154264
0.27017696820872222
0.27646015351590181
0.28274333882308139
0.28902652413026098
0.29530970943744056
0.30159289474462014
